	Location	Ant_ID	Ant_ID_(partner)	start_time	end_time	duration
0	1	657	797	0	54	54
1	1	419	723	5	81	76
2	1	761	Queen	13	27	14
3	1	424	693	22	124	102
4	1	418	397	28	33	5
5	1	727	397	44	159	115
6	1	448	688	47	59	12
7	1	448	688	74	98	24
8	1	Queen	692	85	105	20
9	1	419	418	90	106	16
10	1	692	Queen	130	143	13
11	1	761	723	140	143	3
12	1	532	761	151	157	6
13	1	448	494	159	169	10
14	1	726	532	169	179	10
15	1	723	727	175	220	45
16	1	418	489	178	184	6
17	1	726	Queen	235	250	15
18	1	727	693	242	282	40
19	4	594	666	311	322	11
20	1	419	600	316	364	48
21	1	449	Queen	329	347	18
22	1	494	723	340	380	40
23	1	419	600	387	440	53
24	4	666	491	392	415	23
25	1	692	Queen	425	435	10
26	1	489	727	442	459	17
27	4	481	627	454	467	13
28	4	795	564	486	624	138
29	4	486	533	516	594	78
30	1	693	726	534	540	6
31	1	761	600	549	563	14
32	1	Queen	692	552	564	12
33	1	449	637	592	596	4
34	4	533	666	600	614	14
35	4	688	533	650	655	5
36	4	795	564	675	694	19
37	4	666	764	686	697	11
38	4	764	605	713	737	24
39	4	818	688	720	749	29
40	1	726	Queen	813	826	13
41	4	666	818	941	955	14
42	1	723	765	1006	1015	9
43	4	764	666	1026	1051	25
44	1	458	765	1047	1078	31
45	1	458	529	1138	1420	282
46	1	661	657	1212	1304	92
47	1	723	726	1270	1449	179
48	1	418	532	1346	1351	5
49	4	494	627	1538	1752	214
50	1	532	727	1564	1739	175
51	4	703	666	1695	1702	7
52	4	688	594	1709	1717	8
53	4	818	666	1711	1726	15
54	4	397	627	1717	1748	31
55	4	494	397	1717	1748	31
56	4	594	666	1745	1751	6
57	4	397	627	1756	1770	14
58	4	397	627	1772	1804	32
59	4	494	481	1780	1788	8
60	4	494	571	1796	1805	9
61	4	560	818	1804	1834	30
62	1	532	722	1807	1843	36
63	1	594	754	1820	1863	43
64	4	397	571	1822	1825	3
65	4	491	494	1857	1870	13
66	4	494	407	1891	2086	195
67	1	448	754	1909	2028	119
68	4	822	755	1922	1925	3
69	1	448	754	2044	2121	77
70	4	491	407	2119	2328	209
71	4	664	494	2122	2141	19
72	1	594	726	2147	2221	74
73	1	529	594	2239	2249	10
74	1	661	594	2256	2266	10
75	4	823	494	2263	2277	14
76	1	661	726	2278	2285	7
77	1	529	797	2299	2323	24
78	1	458	661	2301	2311	10
79	4	494	605	2302	2320	18
80	1	529	797	2325	2345	20
81	1	418	754	2338	2346	8
82	1	532	543	2354	2424	70
83	1	692	Queen	2356	2370	14
84	1	765	529	2394	2400	6
85	1	494	529	2417	2426	9
86	1	494	529	2435	2454	19
87	1	494	661	2462	2470	8
88	1	543	489	2468	2563	95
89	4	823	491	2479	2494	15
90	4	823	481	2503	2553	50
91	1	494	529	2504	2515	11
92	1	419	494	2540	2719	179
93	4	407	823	2670	2672	2
94	4	564	533	2695	2724	29
95	4	407	481	2703	2744	41
96	1	418	661	2726	2732	6
97	1	419	494	2744	2820	76
98	1	661	418	2747	2779	32
99	4	755	407	2776	2792	16
100	1	661	418	2789	2797	8
101	4	491	823	2810	2818	8
102	1	494	418	2848	2988	140
103	1	693	543	2888	2954	66
104	1	494	661	3009	3020	11
105	1	688	797	3047	3306	259
106	1	428	529	3076	3272	196
107	1	723	600	3083	3089	6
108	1	494	692	3113	3217	104
109	1	489	693	3157	3231	74
110	1	692	637	3265	3472	207
111	1	661	765	3275	3281	6
112	1	Queen	657	3351	3361	10
113	1	661	688	3480	3577	97
114	4	571	823	3522	3531	9
115	1	494	489	3526	3530	4
116	1	489	722	3564	3648	84
117	1	797	594	3572	3720	148
118	1	661	688	3579	3624	45
119	1	657	494	3582	3588	6
120	1	418	494	3627	3630	3
121	1	657	Queen	3643	3662	19
122	1	494	481	3676	3685	9
123	1	494	594	3723	3745	22
124	1	449	Queen	3739	3754	15
125	1	688	594	3768	3780	12
126	1	797	424	3788	3805	17
127	4	605	491	3917	3931	14
128	1	765	761	3940	3990	50
129	4	533	491	3945	4053	108
130	4	703	666	3976	4017	41
131	4	671	594	4017	4031	14
132	4	703	823	4059	4077	18
133	4	533	491	4066	4082	16
134	4	818	627	4067	4073	6
135	4	594	458	4073	4079	6
136	4	666	643	4092	4131	39
137	4	627	494	4095	4099	4
138	4	823	533	4106	4109	3
139	4	703	486	4114	4119	5
140	4	494	397	4114	4125	11
141	4	491	605	4120	4123	3
142	4	795	666	4132	4137	5
143	4	594	571	4141	4158	17
144	4	643	407	4150	4157	7
145	4	666	795	4163	4195	32
146	4	494	643	4180	4219	39
147	4	818	407	4201	4240	39
148	4	822	787	4207	4229	22
149	4	643	494	4225	4237	12
150	4	533	822	4248	4321	73
151	4	571	643	4248	4254	6
152	4	494	407	4265	4272	7
153	4	703	407	4296	4305	9
154	4	703	407	4307	4314	7
155	4	407	703	4315	4332	17
156	4	494	397	4317	4322	5
157	4	703	407	4361	4391	30
158	1	797	494	4382	4393	11
159	1	494	797	4399	4402	3
160	4	407	703	4400	4451	51
161	1	797	643	4447	4453	6
162	4	703	407	4467	4472	5
163	1	797	494	4499	4514	15
164	1	418	643	4513	4522	9
165	4	703	397	4515	4744	229
166	1	418	643	4531	4542	11
167	1	797	428	4550	4558	8
168	1	761	494	4619	4709	90
169	1	643	449	4668	4680	12
170	1	529	494	4768	4822	54
171	1	693	722	4790	5378	588
172	4	818	407	4831	4876	45
173	4	533	822	4862	4870	8
174	4	822	533	4885	5015	130
175	4	818	407	4886	4895	9
176	4	818	407	4911	4928	17
177	4	666	795	4915	4943	28
178	4	407	818	4929	4954	25
179	1	600	494	4930	4934	4
180	4	666	491	4962	4999	37
181	4	666	491	5019	5041	22
182	4	818	397	5020	5053	33
183	1	726	494	5027	5117	90
184	4	703	666	5074	5088	14
185	4	787	491	5105	5107	2
186	4	703	666	5108	5119	11
187	4	627	533	5113	5248	135
188	4	491	656	5127	5140	13
189	4	822	666	5132	5141	9
190	1	726	723	5148	5228	80
191	4	656	397	5156	5167	11
192	4	594	729	5191	5206	15
193	4	594	795	5234	5245	11
194	4	594	795	5255	5266	11
195	1	661	494	5264	5317	53
196	4	594	818	5278	5282	4
197	1	600	726	5285	6282	997
198	1	448	723	5286	5295	9
199	4	656	795	5296	5302	6
200	1	723	397	5315	5391	76
201	4	571	594	5359	5373	14
202	4	486	822	5362	5552	190
203	4	594	491	5377	5392	15
204	4	594	533	5413	5440	27
205	1	693	722	5427	5450	23
206	4	407	594	5450	5453	3
207	4	755	795	5452	5554	102
208	4	788	594	5460	5464	4
209	4	594	458	5469	5561	92
210	1	723	729	5470	5549	79
211	4	818	671	5532	5536	4
212	4	671	818	5561	5595	34
213	4	795	755	5571	5603	32
214	4	822	486	5574	5658	84
215	1	722	529	5577	5586	9
216	1	761	692	5586	5601	15
217	1	732	397	5595	5618	23
218	1	793	722	5615	5797	182
219	4	594	458	5627	5665	38
220	1	723	729	5628	5743	115
221	1	732	397	5632	5646	14
222	4	795	755	5643	5649	6
223	4	818	458	5713	5717	4
224	4	486	755	5718	5746	28
225	4	788	656	5738	5743	5
226	1	729	797	5752	5769	17
227	4	486	755	5796	5858	62
228	1	494	729	5799	5825	26
229	1	723	397	5809	5823	14
230	1	529	449	5828	6023	195
231	1	732	397	5829	5843	14
232	1	723	732	5849	5856	7
233	4	787	533	5857	5874	17
234	1	428	494	5867	5880	13
235	4	533	787	5887	5899	12
236	1	797	729	5937	6118	181
237	4	486	533	5937	5941	4
238	4	605	788	5949	6136	187
239	4	533	480	5980	5988	8
240	4	666	564	5994	6004	10
241	4	764	560	5998	6110	112
242	4	564	666	6027	6111	84
243	4	787	480	6047	6263	216
244	4	795	533	6077	6081	4
245	4	666	564	6118	6135	17
246	4	822	788	6147	6154	7
247	1	723	428	6149	6158	9
248	4	823	666	6158	6167	9
249	4	605	788	6166	6346	180
250	4	666	755	6180	6183	3
251	4	560	666	6187	6193	6
252	4	564	666	6216	6255	39
253	4	533	664	6229	6247	18
254	4	458	656	6242	6250	8
255	4	664	533	6253	6272	19
256	4	823	666	6319	6367	48
257	1	726	600	6323	6602	279
258	1	494	594	6365	6415	50
259	4	564	533	6371	6437	66
260	4	795	823	6381	6473	92
261	1	397	723	6384	6394	10
262	1	494	594	6419	6424	5
263	1	397	594	6426	6469	43
264	4	458	787	6430	6440	10
265	4	703	664	6464	6492	28
266	1	397	594	6496	6525	29
267	4	604	664	6508	6618	110
268	4	823	564	6522	6546	24
269	1	657	797	6588	6669	81
270	1	600	726	6613	6643	30
271	4	604	664	6622	6712	90
272	4	564	703	6663	6683	20
273	4	533	480	6685	6699	14
274	1	600	726	6693	6696	3
275	4	703	823	6699	6728	29
276	1	600	726	6705	6717	12
277	4	823	703	6729	6741	12
278	4	480	788	6730	6813	83
279	4	533	664	6776	6784	8
280	1	494	723	6797	6803	6
281	4	564	755	6829	6843	14
282	4	703	823	6839	6850	11
283	1	494	726	6869	7113	244
284	1	633	729	6878	7025	147
285	4	823	703	6938	6954	16
286	1	726	494	7155	7163	8
287	1	494	726	7171	7324	153
288	1	726	494	7330	7346	16
289	4	703	795	7347	7412	65
290	4	664	533	7365	7404	39
291	4	666	533	7440	7467	27
292	4	480	643	7446	7602	156
293	1	630	Queen	7452	7487	35
294	4	407	666	7481	7555	74
295	4	533	664	7486	7533	47
296	4	656	666	7574	7653	79
297	1	397	489	7624	7629	5
298	4	480	643	7632	7641	9
299	4	643	822	7642	7828	186
300	4	656	666	7690	7699	9
301	1	481	494	7724	7750	26
302	4	666	656	7728	7743	15
303	4	594	666	7758	7783	25
304	1	723	494	7777	7788	11
305	4	458	594	7792	7801	9
306	1	489	494	7800	7811	11
307	4	458	594	7804	7806	2
308	1	481	723	7805	7855	50
309	4	594	666	7816	7823	7
310	4	533	594	7832	7854	22
311	4	822	643	7836	7846	10
312	4	604	643	7857	7867	10
313	4	533	594	7885	7889	4
314	4	594	656	7896	7905	9
315	1	494	594	7931	7936	5
316	1	723	481	7943	7956	13
317	1	765	637	7945	7976	31
318	1	594	494	7956	7982	26
319	1	594	489	7991	8018	27
320	4	822	533	8005	8015	10
321	4	656	458	8014	8062	48
322	1	594	397	8031	8035	4
323	4	480	823	8036	8083	47
324	1	594	489	8038	8041	3
325	4	458	656	8082	8087	5
326	1	723	481	8089	8097	8
327	4	533	823	8143	8208	65
328	4	594	656	8157	8165	8
329	1	494	489	8160	8164	4
330	4	656	458	8189	8213	24
331	1	494	688	8221	8224	3
332	1	688	494	8244	8256	12
333	1	397	489	8251	8255	4
334	1	397	489	8275	8279	4
335	1	723	489	8315	8325	10
336	4	823	764	8316	8451	135
337	4	480	822	8353	8384	31
338	4	656	571	8376	8390	14
339	4	458	627	8390	8499	109
340	4	571	822	8409	8471	62
341	4	823	764	8460	8538	78
342	4	822	407	8509	8515	6
343	4	480	407	8649	8694	45
344	1	449	529	8653	8655	2
345	1	793	532	8740	8913	173
346	4	407	480	8773	8776	3
347	1	529	754	8881	9071	190
348	4	594	822	8885	8887	2
349	1	594	448	8933	8940	7
350	4	643	666	8956	8968	12
351	1	489	594	8974	8976	2
352	1	594	494	8983	8989	6
353	1	397	489	9011	9019	8
354	4	643	571	9019	9029	10
355	4	666	764	9023	9048	25
356	1	594	481	9030	9048	18
357	4	571	643	9059	9105	46
358	1	489	494	9062	9067	5
359	4	666	795	9064	9172	108
360	1	529	754	9085	9096	11
361	4	571	643	9115	9138	23
362	1	594	494	9175	9180	5
363	1	594	489	9184	9187	3
364	1	489	594	9188	9192	4
365	4	571	666	9198	9264	66
366	4	795	643	9253	9283	30
367	1	529	532	9267	9389	122
368	1	494	397	9282	9302	20
369	1	397	494	9315	9366	51
370	4	571	643	9315	9344	29
371	4	533	795	9320	9325	5
372	4	458	627	9347	9415	68
373	4	571	643	9347	9425	78
374	1	397	494	9381	9461	80
375	1	693	529	9389	9762	373
376	4	594	795	9390	9421	31
377	4	643	795	9463	9607	144
378	4	571	480	9469	9600	131
379	1	657	Queen	9562	9573	11
380	1	657	Queen	9606	9636	30
381	4	571	480	9613	9631	18
382	4	594	795	9627	9637	10
383	4	795	594	9666	9677	11
384	1	494	600	9733	9773	40
385	4	795	571	9740	9803	63
386	1	633	643	9787	9842	55
387	4	571	795	9813	9840	27
388	1	765	481	9820	9833	13
389	1	459	Queen	9821	9839	18
390	1	418	630	9836	9839	3
391	1	494	657	9836	10016	180
392	1	693	727	9837	9977	140
393	1	643	630	9853	9866	13
394	1	459	657	9865	9867	2
395	1	459	494	9865	9867	2
396	1	418	600	9870	9948	78
397	4	571	480	9885	9935	50
398	1	448	643	9894	9911	17
399	4	795	822	9968	9993	25
400	4	732	594	10000	10027	27
401	1	600	630	10005	10041	36
402	4	533	732	10042	10049	7
403	1	489	765	10043	10045	2
404	4	571	787	10049	10067	18
405	1	459	600	10050	10178	128
406	1	543	539	10052	10055	3
407	4	491	594	10057	10074	17
408	1	761	796	10077	10101	24
409	4	594	533	10082	10086	4
410	1	722	Queen	10082	10106	24
411	4	491	822	10100	10115	15
412	4	656	594	10110	10116	6
413	1	424	796	10112	10185	73
414	4	795	818	10114	10162	48
415	1	657	726	10125	10131	6
416	1	Queen	561	10130	10149	19
417	4	571	732	10139	10161	22
418	1	726	793	10149	10153	4
419	4	560	571	10175	10188	13
420	4	481	491	10178	10180	2
421	4	732	594	10186	10196	10
422	1	459	600	10205	10246	41
423	4	560	571	10215	10243	28
424	1	533	570	10216	10220	4
425	4	732	656	10230	10242	12
426	4	795	822	10240	10274	34
427	4	491	486	10274	10302	28
428	4	656	481	10282	10302	20
429	1	688	494	10283	10287	4
430	1	758	539	10301	10315	14
431	4	560	448	10306	10338	32
432	4	754	795	10319	10387	68
433	1	570	633	10322	10474	152
434	4	822	407	10323	10328	5
435	1	758	533	10323	10423	100
436	4	627	486	10337	10344	7
437	4	560	448	10347	10351	4
438	4	787	448	10367	10372	5
439	4	627	732	10416	10426	10
440	4	448	754	10417	10422	5
441	4	407	481	10424	10437	13
442	1	733	758	10435	10444	9
443	1	761	424	10462	10585	123
444	4	787	822	10482	10491	9
445	1	630	643	10484	10494	10
446	1	570	633	10496	10499	3
447	4	481	661	10514	10519	5
448	4	491	661	10551	10562	11
449	4	656	486	10553	10564	11
450	1	418	494	10571	10574	3
451	1	418	494	10582	10768	186
452	1	424	761	10590	10610	20
453	1	643	570	10606	10614	8
454	4	491	656	10619	10633	14
455	1	758	Queen	10649	10672	23
456	1	627	630	10665	10691	26
457	1	733	758	10703	10711	8
458	4	560	491	10705	10737	32
459	1	693	539	10727	10820	93
460	4	765	594	10841	10853	12
461	4	755	571	10852	10858	6
462	1	627	726	10853	11074	221
463	1	693	657	10858	11001	143
464	4	765	458	10874	10876	2
465	4	818	571	10887	10895	8
466	1	418	542	10908	11008	100
467	1	533	656	10914	10929	15
468	1	723	797	10933	10944	11
469	1	419	494	10937	10946	9
470	4	594	661	10941	11019	78
471	1	656	688	10950	10952	2
472	1	643	419	10979	10983	4
473	1	733	758	10980	11039	59
474	1	643	688	10995	11073	78
475	4	754	494	11017	11023	6
476	1	533	418	11050	11068	18
477	4	795	494	11051	11074	23
478	4	560	571	11055	11069	14
479	1	693	761	11087	11101	14
480	4	661	732	11131	11141	10
481	1	656	489	11141	11147	6
482	4	571	666	11144	11189	45
483	1	489	688	11156	11165	9
484	4	732	795	11165	11177	12
485	4	560	661	11173	11179	6
486	4	703	671	11191	11199	8
487	4	560	666	11197	11290	93
488	4	754	494	11203	11216	13
489	4	703	732	11220	11224	4
490	4	755	661	11272	11281	9
491	4	397	703	11275	11283	8
492	1	627	657	11279	11351	72
493	4	661	666	11302	11344	42
494	4	481	494	11307	11316	9
495	4	560	703	11309	11351	42
496	4	661	666	11356	11366	10
497	4	703	666	11374	11385	11
498	4	703	666	11392	11413	21
499	4	481	661	11416	11419	3
500	1	656	643	11423	11430	7
501	4	666	494	11435	11444	9
502	1	459	407	11437	11440	3
503	4	397	661	11461	11470	9
504	1	722	407	11466	11520	54
505	4	666	729	11514	11572	58
506	1	407	722	11535	11537	2
507	1	489	656	11540	11546	6
508	4	703	458	11554	11597	43
509	4	494	486	11561	11563	2
510	1	722	656	11575	11577	2
511	4	494	661	11578	11585	7
512	4	481	643	11596	11601	5
513	1	627	722	11598	11610	12
514	4	818	666	11599	11610	11
515	1	630	627	11633	11658	25
516	4	703	671	11668	11696	28
517	4	729	486	11675	11708	33
518	4	823	605	11679	11684	5
519	1	657	532	11688	11823	135
520	4	494	661	11708	11714	6
521	4	604	666	11729	11737	8
522	4	788	661	11731	11736	5
523	4	494	795	11746	11826	80
524	4	571	666	11752	11768	16
525	1	693	796	11780	11855	75
526	4	571	823	11787	11880	93
527	4	494	795	11829	11835	6
528	1	661	726	11852	11864	12
529	1	661	627	11888	11894	6
530	1	627	688	11917	11924	7
531	4	571	788	11918	11932	14
532	4	560	605	11956	11988	32
533	1	726	489	11967	11975	8
534	1	459	661	11971	12030	59
535	4	755	823	11990	12007	17
536	1	481	489	11999	12006	7
537	4	703	788	12020	12033	13
538	4	605	595	12032	12053	21
539	4	494	732	12036	12045	9
540	4	822	761	12041	12044	3
541	4	595	703	12054	12060	6
542	1	796	539	12069	12072	3
543	4	732	494	12093	12108	15
544	4	595	823	12096	12364	268
545	1	489	661	12098	12133	35
546	1	722	796	12105	12354	249
547	4	481	732	12118	12128	10
548	4	761	732	12156	12162	6
549	4	494	481	12161	12168	7
550	4	397	732	12197	12210	13
551	4	755	481	12214	12216	2
552	4	571	788	12250	12252	2
553	4	732	664	12259	12318	59
554	4	571	729	12261	12273	12
555	1	661	688	12278	12300	22
556	4	732	761	12331	12365	34
557	1	688	661	12344	12354	10
558	1	796	722	12388	12483	95
559	4	594	560	12397	12401	4
560	4	594	761	12412	12446	34
561	4	594	795	12459	12536	77
562	1	661	688	12473	12524	51
563	4	761	822	12514	12517	3
564	4	494	761	12522	12526	4
565	4	594	732	12559	12600	41
566	4	605	761	12568	12577	9
567	4	703	666	12591	12633	42
568	4	491	571	12597	12607	10
569	4	491	666	12649	12654	5
570	4	795	761	12655	12662	7
571	1	489	661	12662	12670	8
572	4	605	560	12671	12677	6
573	4	594	761	12673	12676	3
574	4	666	643	12686	12735	49
575	4	594	494	12689	12693	4
576	4	643	823	12771	12775	4
577	1	539	761	12824	12868	44
578	4	491	571	12825	12846	21
579	4	666	703	12836	12847	11
580	4	755	494	12850	12861	11
581	4	594	643	12872	12883	11
582	4	594	765	12909	12926	17
583	1	533	627	12940	12995	55
584	4	732	765	12942	12950	8
585	4	643	822	12953	12990	37
586	4	755	732	12992	12999	7
587	4	643	732	13024	13030	6
588	4	795	481	13038	13065	27
589	1	627	397	13117	13126	9
590	4	571	605	13123	13126	3
591	4	571	605	13133	13327	194
592	1	397	761	13157	13171	14
593	1	643	397	13248	13415	167
594	1	761	489	13384	13398	14
595	1	643	761	13491	13500	9
596	1	397	761	13551	13687	136
597	4	643	481	13596	13618	22
598	1	560	661	13669	13738	69
599	4	458	494	13849	13860	11
600	4	407	666	14059	14129	70
601	4	666	754	14168	14183	15
602	1	560	661	14189	14230	41
603	4	407	688	14221	14346	125
604	1	722	761	14247	14331	84
605	1	489	560	14363	14371	8
