  0  4  1  1  0  0  2  2  0  2  2  1  0  0  2  1  0
  4  0  2  5  0  2  0  1  3  0  1  4  4  0  1  3  2
  1  2  0  0  3  7  0  0  3  1  0  2  3  2  0  1  1
  1  5  0  0  2  1  2  3  0  0  2  0  0  3  3  0  0
  0  0  3  2  0  2  0  0  3  1  1  0  1  0  0  0  0
  0  2  7  1  2  0  0  0  1  0  0  9  1  2  3  3  3
  2  0  0  2  0  0  0  0  1  1  3  4  1 10  0  1  6
  2  1  0  3  0  0  0  0  7  0  1  4  1  0  7  6  0
  0  3  3  0  3  1  1  7  0  1  0  0  0  0  3  2  0
  2  0  1  0  1  0  1  0  1  0  3  3  2  0  0  1  2
  2  1  0  2  1  0  3  1  0  3  0  0  1 13  8  0  1
  1  4  2  0  0  9  4  4  0  3  0  0  4  4  0  7 12
  0  4  3  0  1  1  1  1  0  2  1  4  0  0  1  4  2
  0  0  2  3  0  2 10  0  0  0 13  4  0  0  1  7  1
  2  1  0  3  0  3  0  7  3  0  8  0  1  1  0  0  0
  1  3  1  0  0  3  1  6  2  1  0  7  4  7  0  0  0
  0  2  1  0  0  3  6  0  0  2  1 12  2  1  0  0  0
