  0  4  7 16 15  2  0 24 11  2  4 22  0  0  1  1  7  0  8  3  3  0  2  0  0  0 20  3
  0  0 59 31 12  2  2  0  0  1  0  0  0  1  0  6  1  1  0  0  0  2  0  1  1  0  0  0
  6 14  0 10  5  1  6  0  0  2  1  2  0  2  1  9  3  1  0  1  1  0  1  4  6  0  2  0
  3 16  3  0 16  0  2  1  1  2  0  2  0  1  0  0  1  0  0  0  0  1  0  0  0  0  0  0
  6  9  0  1  0  8  0  0  0  0  0  0  0  0  1  0  0  1  0  0  1  6  0  0  0  0  3  0
  0  1  1  0  0  0  0  0  0  3  0  0  2  0  0  0  3  1  0  0  0  2  0 12  1  0  0  0
  4  5  3  1  0  0  0 34 48 11  0  0  0  7  0  0  0  3  0  0  0  0  0  4  3  0  0  0
  1  0  7  0  1  0 10  0  1  8  0  0  0  0  0  1  0  0  0  0  0  0  1  0  0  1  0  0
  2  0  0  0  0  2  5  0  0  0  0  2  0  0  0  0  0  0  1  0  0  0  0  4  0  0  7  1
  8  4 12  4  0  0  3  0  0  0 46 37  0  0  0  3  0  6  0  0  1  5  0  3  0  0  0  0
  0  0  0  0  1  0  0  0  0  7  0  2  0  0  0  0  0  1  0  0  0  0  0  1  0  2  0  0
  4  0  5  0  0  0  3  0  1 10  1  0  0  0  1  0  0  2  0  0  0  0  0  0  0  0  0  0
  3  4  3  0  0  3  2  0  0  0  0  0  0  0  0 12  2  0  0  0  0  2  0  1  0  0  0  0
  2  6  0  1  0  1  1  0  0  0  1  0  0  0 72  2  2  0  1  0  0  2  1  3  4  2  0  0
  0  0  3  0  0  0  1  0  1  0  0  1  0 20  0  0  1  0  0  0  1  0  2  4  3  0  1  1
  0  6  0  0  0  1  4  0  0  2  0  0  4  1  0  0  3  3 10 14  1 19 21  0  0  0  1  0
  9  1  1  0  0 11  1  0  0  0  0  0  1  1  0  4  0 34 13 14 76 15  3  0  0  0  0  0
  0  7  3  0  1  0  2  0  0  3  1  1  1  2  0  4  5  0  2  2  4 10  2  7  1  4  0  1
  9  0  2  0  0  4  1  0  0  0  1  0  2  4  0  2  3  6  0  2  0 14  0  8  7  0  4  0
  5  0  0  0  0  4  1  0  0  1  0  1  0  1  0  0  1  4  4  0  1 13  0  2  0  1  0  0
  4  0  0  0  0  4  0  0  0  0  2  0  0  1  1  0  2  3  0  3  0  1  0  1  0  0  0  0
  3 14  0  0  1  2  0  0  0  3  0  0  5  0  0 15  8 13  1  4  1  0  0  0  0  2  1  0
  0  0  1  0  0  0  0  0  0  0  1  1  0  8  0 39  5  1  1  0  1  0  0  2  3  1  3  0
  0 23  1  0  0 24 19  0  0  5  0  0  0  4  0  0  3  7  3  0  0  0  0  0 17 13  8 17
  0  3  2  1  0  0  2  0  0  0  0  0  0  2  0  1  2  7  1  0  0  1  2 10  0 50  2  0
  0  0  0  0  0  1  0  0  0  2  0  0  0  0  0  0  1  4  0  0  0  2  0  3  6  0  0  0
  6  0  3  0  9  3  2  0  9  6  0  1  0  3  0  0  0  3  0  0  1  6  2 23  1  1  0  6
  6  0  1  0  0  0  0  0  0  0  1  0  0  6  4  0  0  6  0  0  0  0  2 54  0  3 14  0
