 0  4  5  0  1 11  6  9  7 12  4 21  0  5  3  2  8  4  4
 0  0  0  5  0  0  1  1  6  0 23  0  0  0  0  0  0  3  0 
 0  1  0  0  0 12  0  3  4 13  0  5  0  0  2  0  2  3  0
 0  5  0  0  1  0  0  3  2  0  1  2  0  0  0  0  0  0  3
 2  0  0  0  0  4  1  0  5  2  0 25  0  0  0  0  0  1  0
 8  0 14  0  1  0  7  0  4  3  0  0  0  2  3  0  1  3  3
 3  0  2  0  0  1  0  0  0  0  0  1  0  0  1  2  2 11  0
 3  0  0  2  0  1  0  0  1  0  2  0  1 13  0  2  0  1  0
 0  3  2  0  3  1  0  0  0  6  2  0  0  3  3  1  0  0  0
18  9  9  1 15  0  0  4 12  0  2 10  3  5  4  1  3  5  0
 1 22  0  6  2  1  0 10  8  0  0  2  2  5  7  5  0  0  2
22  0  0  0 15  0  0  2  2  1  0  0  0  0  3  0  0  0  0
 0  0  0  0  0  0  0  0  0  0  0  0  0  0 25  0  1  0  2
 1  0  0  0  0  1  0 10  3  0  0  0  1  0  2  3  0  0  0
 0  0  0  0  0  0  0  0  3  0  0  5 10  3  0  0  4  5  0
 0  0  0  0  0  4  0  1  0  0  0  0  0  0  0  0  0  0  0
 1  0  3  0  1  1  1  1  1  0  0  4  0  0  0  3  0  3  0
 4  2  2  2  0  0 10  0  0  5  0  4  0  1  3  5  3  0  3
 0  0  1  2  0  1  0  0  0  0  0  0  2  0  0  0  1  0  0
