  0  6 10  7 16  4  3 15  5  5  3  4  2 10 18  4  0
  0  0  4  5 11  1  6  6  8 12  4 52  4  8  7  7  5
  0  0  0  8 10  6  6 20  5  6  1  4  4 15  8  4  0
  0  0  0  0  7  5  3 11 10  7  1  6  2  6  5  3  1
  0  0  0  0  0  7 18 17 23 16  7 10  0 21  5  9  2
  0  0  0  0  0  0  2  2 40  0  0  2  0  4  0  0  1
  0  0  0  0  0  0  0 12  3  4 11  6  1 14  2  2  4
  0  0  0  0  0  0  0  0 12  5  5  1  1 14 14  9  4
  0  0  0  0  0  0  0  0  0  4  3 10  1  7  5  4  0
  0  0  0  0  0  0  0  0  0  0  5  9  1  6  3  6  2
  0  0  0  0  0  0  0  0  0  0  0  9  2  3  5 14  0
  0  0  0  0  0  0  0  0  0  0  0  0  2  6  6  9  2
  0  0  0  0  0  0  0  0  0  0  0  0  0  0  2  2  0
  0  0  0  0  0  0  0  0  0  0  0  0  0  0 21  6  2
  0  0  0  0  0  0  0  0  0  0  0  0  0  0  0  3  0
  0  0  0  0  0  0  0  0  0  0  0  0  0  0  0  0  0
  0  0  0  0  0  0  0  0  0  0  0  0  0  0  0  0  0
